socketNumber=6000
serverURL=127.0.0.1
ID=1005
ESTADO=1
LAT=43.25842552179498
LNG=-2.4483748923076947
